431682
576497
085237
935273
324622
321087
402401
123548
729625
146740
719502
317420
867614
534765
134851
803601
376054
393367
786404
379994
945915
552004
097318
290174
676502
957042
525673
119189
777150
553144
329578
559794
628053
150067
543383
563446
208575
605207
014658
048249
797090
155867
954246
084041
593240
444396
343889
268058
001871
204658
086208
556022
706203
354243
637895
408977
763208
922557
632757
488215
510532
509095
426602
987759
491585
074270
147013
402448
339317
633254
661919
472874
826891
701932
066645
431080
278538
568840
557575
228123
342446
130450
003909
984910
064639
132506
792838
043773
259360
962567
700971
865666
925398
624459
807594
164268
705300
793074
757308
562176
299582
076722
051644
722404
652280
203528
960084
315260
279977
206973
119569
415110
751721
204506
158600
303133
798706
148971
213660
380684
154884
267728
596586
686171
368236
150314
088309
707293
263030
597898
668123
652117
211758
753184
534806
146830
109970
216175
344448
541148
568691
106827
073021
999104
924218
948362
943416
325281
421307
885229
276251
477568
663934
258571
859811
285665
016781
295620
569031
391393
699738
170867
000924
889911
759418
084872
583129
422705
962866
944773
488966
713486
654822
972976
876306
828198
512282
683442
248046
959882
552145
687511
793504
089796
733501
213018
283742
364563
907817
975769
191556
012628
292362
215296
673025
088561
018875
112062
528491
754972
974976
352138
046953
502998
920173
526785
336404
720433
661739
546115
689588
066286
259124
203774
857328
483254
383008
790223
718901
025454
231448
174112
769360
813851
528023
830454
070788
085481
536153
413025
964382
754532
944016
917674
942882
576351
128999
325873
901342
085849
524548
832927
086095
093341
675545
894325
056128
199875
533856
531900
759411
260240
044133
685515
961886
261680
736936
503373
905631
196953
898412
093373
136010
303559
874303
074480
094598
891692
466997
991775
501715
939228
806580
481565
612976
082372
604638
789150
015316
666857
299328
795723
461794
228783
094928
128992
587998
633320
117017
543149
953276
740042
783416
192437
893315
616173
889565
886440
176081
294765
580515
748185
477218
321075
049610
314127
410393
949880
468772
936295
861520
658188
420586
307515
473441
301894
971012
000129
845539
883774
683394
614158
741567
777184
548281
320574
185229
139153
264792
097579
835009
736655
751031
514454
123437
985991
195601
764981
069335
627105
203398
794229
385034
330028
448912
439830
499904
006336
835648
016234
199738
377024
252402
526692
095887
194850
614619
934211
135540
508026
629109
320184
851504
662074
456052
255251
974066
409791
097727
101772
801920
508952
094887
007642
265594
551818
250051
694258
249210
588297
609381
658384
769081
000460
118581
488849
288251
424477
242208
756388
627320
797921
276912
499956
674887
672617
736002
054124
976823
819691
276354
125868
219780
778662
605314
143568
565220
673228
003696
918813
588285
536117
126471
582828
432371
573784
457462
719637
875640
422875
546095
159931
645160
898094
911927
898441
959340
236907
943761
605296
523539
080748
088389
916217
717963
096178
404418
797920
624372
044725
126508
598184
679728
018507
338528
181493
115550
732448
348811
519557
053054
434961
864723
766377
984486
204767
753810
332454
204316
052650
625336
823075
619529
636809
391232
720699
508025
087426
198722
049092
512230
559450
004845
738354
529009
535824
566893
096086
739370
778781
333179
009186
785465
073224
542401
196281
282781
750827
523553
520276
275522
328218
469749
378543
920259
314911
623544
505879
414707
472215
154343
840777
933124
195764
234151
870947
166866
022716
951298
831202
617579
036161
675371
933050
700886
168648
023188
708805
380534
659567
330352
314758
679935
445723
488219
501898
554903
519388
691362
022203
674632
597161
499103
301738
034931
228030
976531
671180
601875
962332
513133
092777
991893
369965
104168
527538
424700
022697
820702
071886
127648
857804
174981
052720
105304
143390
750077
870424
534099
713637
064611
849805
150138
381146
619389
609483
104934
194651
859199
359226
808056
079867
048896
471674
020485
698284
137853
965093
852989
224954
215092
194868
394338
471557
858517
831323
897085
796152
182146
996894
435597
254156
169088
838525
025442
011639
863647
025171
063800
497716
655884
973884
409031
980765
363167
892485
481593
563732
016337
487223
941647
929160
993952
458919
186564
939406
126531
315022
694394
841137
448181
565059
357167
871585
200546
491910
814093
622233
760479
092674
789530
356654
065191
669596
315330
092852
027887
535339
656183
692380
588376
852970
732174
518666
140303
690654
950174
344302
131347
315369
009242
914403
583081
941485
004286
943776
369133
623579
781993
519854
307092
605816
707622
028403
431379
854324
513511
583164
860206
212853
349451
536958
943400
562642
680361
219303
624073
833961
823299
235880
002894
676626
736438
426934
469286
272764
597350
407956
482754
964531
746754
509848
646378
887705
771178
980050
926663
719492
882471
594607
264753
534621
591924
285373
560263
972305
709739
889206
335174
140634
962304
177948
384485
624058
307232
714411
254916
874369
428899
083015
856721
672221
655131
282228
135060
691169
070299
312098
594230
688141
319897
309245
750265
320452
307188
841231
878517
854624
587131
671622
175896
080747
044585
977625
756319
889153
065364
273503
500926
635244
481489
697799
135841
002821
634147
343583
268910
359095
774642
865047
770037
666693
078697
266103
562572
560975
284924
975812
826903
285507
019064
339681
095887
891794
620639
712857
603643
778407
499111
685972
354800
982866
566635
393146
764917
908178
499107
730385
914571
916371
643244
192761
420640
744333
921021
247826
312615
819413
862665
793253
638250
837238
324005
841435
185736
005935
964403
583432
959648
623713
882669
719093
775663
775919
005057
274753
252337
716533
400595
492993
134841
239497
291747
722023
810678
878049
608831
354892
511293
840963
181001
213454
074329
160181
931195
743751
505335
601648
741491
950994
610590
242354
480934
186489
617169
567837
305906
222564
404607
131076
329336
860220
366282
239226
718239
845140
934693
842570
646542
717558
058840
636669
683563
043817
682700
315984
373665
317937
655631
685467
361857
284497
972642
755904
860390
940757
957417
692175
147193
382748
827669
136189
791250
659345
872594
470510
436209
258640
257557
213467
524245
362433
128106
178804
222996
162385
937259
691618
873700
045000
780837
352227
535043
354578
554599
473234
129495
657051
112635
950315
252525
775494
834945
108918
069284
005748
977296
388715
421502
942223
980935
907331
435425
899845
533418
871574
243911
286435
209793
964316
396022
827988
465473
649591
940016
341715
053821
117936
693208
228225
856370
851172
775469
654238
289143
817286
064858
870051
106808
954435
453670
288680
632416
584996
646879
145881
395013
663234
288019
985412
790823
352994
062371
174026
268528
633335
125245
520024
715524
879891
136835
822631
429048
142601
999115
385928
326407
563424
894568
465052
120613
221338
549048
452227
812544
627202
436360
003323
672568
210986
980536
097563
168160
409618
023338
920452
187323
843786
075347
306346
008503
599811
342215
598704
364220
782736
737998
243986
759235
373826
573534
734342
691385
292257
165465
696001
141173
072786
892853
232142
763139
766529
916416
391395
954746
700730
392709
432295
742130
068441
586662
259418
284688
994171
591079
385814
877326
654314
461124
291326
141915
152517
473921
996868
025405
672258
019146
524195
039913
734318
433632
835248
879397
186135
137547
037655
198125
358739
290734
920289
202668
774144
061706
683046
112014
145176
556569
466403
094129
391760
129945
758268
045881
922477
107751
259886
317206
645632
214011
548804
035287
768372
414003
901939
465375
577972
895756
952261
781727
614056
602531
024440
099953
954886
771162
657565
833884
054781
643522
147209
481644
779311
682916
427799
755155
118212
792436
572280
997379
774161
756551
328664
713725
834596
067145
386344
155365
039515
624455
600852
754456
960579
081873
377258
428888
174009
188370
539822
768178
770424
807850
269970
791399
510800
976568
623556
259853
790179
495507
354464
073308
716878
168130
857105
784984
527486
172325
990129
516315
252713
810184
788892
287074
675855
307722
665099
769460
679892
369265
755036
433518
245144
783792
051045
898854
744758
696237
922078
385621
457746
786415
468870
897124
996964
770774
723629
274265
314418
207937
352081
993446
397230
041892
857302
989237
225788
304850
806185
662115
679332
609891
898584
751903
642905
980439
110394
294754
469903
394665
950693
402295
022895
885102
020447
873196
174553
226928
137511
046641
486048
404399
385449
189373
738047
171245
500182
268806
799299
986583
988473
406631
993791
456229
738768
968094
577405
926364
422916
843127
564304
954906
843750
053875
907564
043239
085847
110624
321975
555098
183535
539024
329530
768231
553571
673975
092532
882566
293629
292939
202955
027541
405443
918801
259750
049365
995712
628362
986510
149643
379409
876183
742563
905067
130619
295742
392471
011831
046936
687437
968641
230910
727210
194472
972509
578947
648286
380699
382196
930017
287583
969605
119148
570852
902943
374928
864616
596755
893609
661291
120598
272058
357311
871656
154112
986033
720242
523216
982296
768979
449996
061992
141660
522009
667250
677552
590940
796047
664277
598255
365434
774495
307984
512653
532689
578985
297798
490441
462526
002169
859892
488311
136342
710917
365369
360112
139241
539708
744385
715336
444346
958883
399899
111327
900522
717533
220033
649720
727669
865168
199795
394970
652037
078885
586960
188603
473283
281783
546750
717047
836679
036456
059283
463870
276394
267453
672525
706400
461315
614840
496699
182193
724894
732011
307601
707771
995939
292159
249368
475318
141344
486724
075135
196953
522151
545500
961714
078748
476478
741674
667086
998262
516455
036240
520831
452071
506265
066900
007090
016341
896479
935989
086128
841854
996037
130983
007172
692641
689923
679315
583757
664228
425347
906551
140649
151816
983485
393555
651506
731694
469671
746882
103462
746657
156608
030595
042794
429015
540299
180959
413347
188324
230018
272200
541361
891603
823786
533496
802443
629266
723074
744296
365451
976504
633740
720897
513025
434941
526148
918164
891661
942741
909827
958365
421835
186518
126252
920730
789473
691021
473301
935567
348022
989114
660702
585105
272777
793758
195835
572099
803425
460941
388981
135179
127645
776060
813022
658855
794755
939626
525274
063038
170454
831273
109222
186526
882297
602231
763566
034090
032699
469358
552070
836844
405227
045383
916338
465266
918528
664085
331972
702129
652970
778768
699712
310954
064756
117209
429745
642293
603628
581794
162265
669274
187047
589377
069923
714969
107986
237982
262814
665319
728402
188053
737922
096056
996506
769331
218525
832854
451646
315716
653669
628781
288366
624517
826312
192586
395677
391594
265460
287240
499541
782159
829081
201071
254848
850180
773635
158352
875330
860854
013842
661976
799434
602123
702162
609269
282316
930210
958908
091630
666360
626532
224811
093796
966586
056791
591262
301640
521850
865728
480105
658777
970764
932938
140492
572479
376012
671527
191141
334002
698033
792291
820283
871201
341095
808531
344446
119267
750042
407126
937416
571523
024879
022256
084907
514118
208316
694142
779623
022797
803080
798607
638259
625624
742128
472397
580156
526207
427435
697348
040100
975879
276100
903423
661380
986409
796046
703940
385484
593823
937714
536845
898166
775091
175803
894003
157256
107483
206284
373145
274191
780406
033488
977426
091354
180002
212393
456615
373500
377404
100740
785032
165946
011465
154885
025604
821421
663504
079305
326740
667928
164673
400623
104776
485250
346021
422727
187137
109195
551037
300730
666946
419446
990332
591598
612256
230323
368067
229911
194023
439201
141922
186408
990000
844412
960118
096851
086363
537753
638311
299016
932356
521560
141583
741840
317562
731151
535305
676920
068261
244815
338073
249469
459054
834475
860122
410594
353977
360899
465763
744043
765363
932930
772194
502061
597734
983734
368276
685573
623579
928260
602546
208771
492963
981084
178149
445167
778896
737892
208069
257512
305399
163732
988332
744361
720295
494598
764135
365128
065960
203079
814301
076621
576368
330526
803681
692256
836311
503487
521345
549551
114345
428250
922856
059265
765973
304267
808222
761815
922727
924541
750261
858589
027479
494346
437523
981123
387512
636771
628615
005113
674653
029367
394422
758714
336789
486263
174178
010199
510996
146827
594390
029631
885970
041713
506246
155231
068723
291146
316229
787892
183822
271844
147754
759656
186779
833787
707666
326998
502587
896813
797178
982736
116040
071524
323101
685253
648045
094232
819673
645761
991592
180507
491419
807724
072733
172859
385981
944624
672995
474701
863353
971980
055979
458981
378760
396801
630865
855229
085809
670913
467330
648021
305004
842387
479456
428401
773565
447205
047689
550329
225109
639860
861339
948799
090626
735135
511287
694886
294577
025253
601105
681207
696763
862568
129020
930926
611661
226256
632677
992079
352135
568754
388851
793411
456241
980793
499187
361604
298790
434616
633998
258988
790129
175213
399827
358928
158858
174828
479456
973001
204341
701370
832542
091342
077880
715169
257162
646588
641204
295281
324580
475649
751874
646194
513160
923913
543663
353093
195526
501974
350659
010555
985181
166966
978526
035084
597423
958361
743729
842802
526741
883495
641036
437416
802035
439432
974826
681787
726470
157058
904101
162311
389155
464147
527594
503695
841324
348866
371378
917624
251290
969623
528753
858798
901878
831817
651151
758979
581385
546203
509175
742221
357358
517191
655347
837460
437075
385120
935803
068100
020475
074506
791722
666371
748317
843090
723969
316022
101175
069563
530143
629465
379049
128119
736508
298251
617807
118612
156026
349938
900586
030107
299369
067498
689535
303579
361105
685093
284329
851094
091739
834715
875632
717491
774292
983200
652598
849706
873501
048491
177263
642269
860864
911800
775785
667443
625537
512025
495341
397897
404468
901402
983904
790297
584016
708588
120619
989246
753218
020209
857075
594861
913495
672256
633542
043570
546731
685184
820026
474876
875589
982615
646485
901802
827644
543759
284190
769609
072467
826810
600415
827890
263434
848629
433958
125507
421240
579127
546424
713290
039513
463894
023900
646732
654357
312557
954878
494299
411807
491513
327232
470886
389218
131694
394712
633959
070646
653507
293061
990985
038123
109184
138952
047146
712898
048267
397074
375211
073985
355429
004154
961011
382537
710776
983732
591696
643193
500567
145270
989738
489627
265546
396379
375751
904937
486596
746541
060186
493560
576978
113585
069226
800992
703582
967387
305574
754625
501479
158276
029016
846118
410883
086497
973366
529436
189174
855922
644421
987506
493427
290003
744367
598829
698762
588063
244711
756923
102081
622235
480169
593533
111293
592536
710192
236528
263031
764790
989455
079865
609196
415999
100125
321956
737711
761274
134843
148705
382906
879973
683341
591218
991911
111779
971803
149655
710121
522197
263605
495712
401079
958947
341840
039569
758473
971585
911348
347845
107623
413869
627849
349054
624354
055193
190326
903112
619800
441485
919114
873640
321200
702683
451365
977441
961895
366987
577775
650747
918838
988223
811882
384471
345886
974159
896834
992220
606082
808233
931413
665728
227459
052779
131462
840707
013447
285439
093442
481572
134828
183754
135644
966248
843426
077732
792561
367678
329326
228887
772131
148326
695563
069558
325570
882930
104841
979255
381441
931423
755983
880256
635622
580952
734225
987978
627905
696205
079646
181504
420152
178169
541862
562847
236895
172742
832629
593819
124344
458234
055258
900930
313059
168227
836403
879421
332290
711420
996648
780780
850244
151701
566525
767603
631484
874699
140349
102978
196438
264768
226053
331163
759483
497978
595348
232375
005714
131812
881973
045483
818029
598227
625165
411652
016575
059792
855033
957755
508668
838324
470610
271625
301808
619849
480028
451863
657271
497962
238763
263360
886812
750964
817906
112953
659828
086634
304431
345334
889302
794692
159358
652981
999801
979150
772881
914445
799897
939551
532748
766728
083868
100307
907506
673061
166104
031885
379563
000157
977292
742763
392133
718151
538325
138895
265853
042656
775580
399953
901081
591276
243214
034444
992856
992776
133898
320015
305340
778716
542083
530438
883419
351075
676169
746584
870213
218135
938366
038479
660124
461544
537519
134307
660795
711353
570910
704001
166786
125864
476096
058504
277460
291582
576204
159079
613083
257461
147013
022219
108145
639810
882687
182153
757920
924830
273628
965396
035842
059161
068844
143180
612395
972302
102503
997482
965431
017962
204779
431700
913155
472796
979622
969598
237479
327005
432979
795308
040991
469003
280815
973307
179075
978750
571860
284180
660406
242055
174520
393010
833805
582593
297497
535925
482530
502097
437105
560515
752802
739386
498819
314247
581606
680436
070473
497672
806420
513787
717994
293979
788065
788304
321435
756779
699127
408328
905063
683637
317674
827948
015478
089868
974719
280901
878457
833207
259188
704800
369658
039888
126831
058243
003978
323592
886305
353738
844421
307601
586392
871538
665636
969610
013855
069612
285663
191947
304179
113753
832242
371263
813714
171724
333146
582361
294015
466567
285449
233938
357122
510037
211649
496986
012447
411993
066799
065556
523799
584485
609480
227059
993151
341416
269700
313203
969276
163975
170008
190832
077342
427029
750971
819324
736377
503376
660582
493880
737115
527988
793742
954608
651244
305999
275943
583144
444305
149826
873481
167321
085058
732803
363967
556534
738815
983633
030479
261609
435469
751803
456696
990506
439019
505446
197174
617736
686201
936719
112851
916530
959412
073154
491755
869223
983831
034845
227293
340202
805769
944070
734702
132849
948473
914461
376251
636289
495347
908357
662435
009210
541795
146919
956043
537571
348742
615937
265780
949285
435044
607671
913718
742500
711500
261005
742441
350255
777406
459814
700145
487989
044915
242658
116637
369757
907973
264700
349403
970987
933239
651075
007139
889635
237077
637558
638035
744223
074041
449862
854373
875326
045957
800621
898311
345636
382533
750911
874571
293007
190972
217920
080696
369140
404400
182051
510441
300131
505994
728618
400676
150710
869401
295950
441760
962641
033017
434570
037845
978102
340104
725001
623240
213253
409812
620665
230225
938982
684310
172524
147970
699647
281115
322922
786027
546084
928116
782665
999080
002123
249729
017492
381569
681171
028896
231893
132462
994732
620911
898586
841940
944773
405222
678734
398521
995377
785846
887851
051965
265092
380318
502831
056075
040886
502857
823692
708447
407229
867384
477581
115420
239575
820467
301753
908159
065768
113651
392702
939518
614847
961888
199541
029747
763824
046175
327124
286618
190337
049668
788564
651200
363036
923934
224546
006832
003135
752379
377237
661808
919409
106923
933034
454569
865433
445520
524982
877460
317499
953170
282970
891945
973438
670635
366867
941099
115883
156191
837998
009519
804681
993617
398914
325665
092131
920036
826725
644083
631316
260889
236594
540151
672048
774382
311924
575509
860645
029443
362608
563209
516760
071743
572401
341537
011984
366615
257474
203105
349709
253103
924418
023914
179826
754811
267075
077654
516965
469389
102826
084520
357771
404450
675696
987813
036575
339427
806893
958231
013037
691457
808045
158204
843274
671065
811454
342560
495688
740453
377203
780065
461516
498450
476760
970733
708948
755311
578523
491109
357624
018982
058353
871886
264016
203806
019102
984593
502838
548854
865919
089146
173993
485680
236206
301695
772536
111370
799992
544164
428912
511527
748308
176101
786916
992951
144316
288848
133505
397261
636974
236719
435028
294424
413777
995563
716165
005146
567576
416282
289475
489787
332314
887420
553842
781932
608546
717422
196973
627977
749220
937390
391178
531749
343572
039585
615448
208301
315037
409891
494836
586769
178094
473789
911219
008632
783137
116615
348095
615163
829316
681188
681023
618042
565201
590471
454384
049748
195863
279621
739332
078532
068264
023749
119036
907819
207960
623611
529760
636011
290472
487986
595681
592014
647188
244872
598920
434389
605730
276293
377066
058089
566017
654592
990305
684700
511010
471286
555782
459157
619911
123249
058784
714018
777255
940118
177380
968006
450069
608257
505642
914676
578324
628857
345373
433146
867839
790184
316507
537658
193274
967549
987007
999922
440787
964347
913365
321901
005248
426681
662249
257851
065965
864566
789339
204623
134100
694635
101719
367647
555344
915460
556203
596486
944580
887267
732513
325367
636242
445297
001137
649897
551845
528482
333575
072588
607205
494439
681007
809596
641465
611547
967407
145186
931970
044760
660067
672532
820971
440028
988618
329679
336929
595695
401291
112925
328827
175822
500020
343298
694616
203458
403985
468249
124700
540891
748180
057475
745497
181535
038064
213354
422219
247087
799448
569753
398733
237557
235475
989470
665646
002204
548102
728966
095070
128333
694875
970535
389670
673678
398179
809957
432380
015151
341031
158865
791473
531365
381167
200597
082072
742617
109066
115645
482397
996108
687012
929883
087421
742904
773111
238099
146625
373330
556656
747405
007675
896327
738117
491850
854853
826019
326546
084484
294676
995306
930263
958491
902700
681545
853952
001465
141243
878508
880222
774920
284998
896804
815535
260608
589413
958295
692758
454609
927003
857642
833958
578683
707383
923057
764459
171131
936803
535903
259616
306400
462634
542446
626471
162782
584315
499700
626952
564919
729054
035917
199109
176816
390533
735548
913875
259785
266706
553679
151536
581593
955300
274964
571427
239074
003290
843358
535963
509979
142878
803381
805814
911678
464746
433353
555186
635517
038945
761193
251745
871172
535334
622698
544918
371301
287482
916885
428680
261815
618633
567825
960746
410066
305495
948118
784537
892074
964519
157413
481109
296243
768056
759670
342191
675577
739620
720280
586326
162130
069724
153417
262759
895453
523929
914580
784322
142460
954889
552723
348283
987803
362020
384623
160113
655354
758602
639177
743914
635939
715682
516696
306279
424163
704209
988608
840054
679930
541523
071193
747041
615559
724652
285892
811117
779863
085090
413469
297792
027400
297355
040852
747206
119090
798085
654191
342878
578298
599164
533757
512453
475744
559014
755157
182841
582674
650817
296020
888139
814601
920710
396491
432604
473043
585959
781220
072276
816098
093874
140156
203395
902718
398906
696768
399300
245540
985759
761896
670416
945690
758835
926326
435786
993095
105933
634025
639611
109863
242603
719462
580543
368202
162711
472743
784996
032114
023601
310001
849539
050733
443449
912012
524138
010672
223022
179567
220803
603325
257899
808800
881899
300515
554618
060838
564972
947623
683211
621164
737753
825816
332629
157132
041471
893954
063456
558187
693169
501134
622479
934811
469189
990920
758529
924474
997493
396755
798215
477421
963246
216358
708362
632212
946999
680606
632588
506892
528388
628159
093571
223820
570968
760772
105500
930004
722707
904713
173793
484822
590840
110364
069333
776340
726218
384018
364870
079265
106462
617257
890844
609483
874579
850936
083550
605975
793820
511026
828231
125689
211427
608542
463174
142186
844691
861869
279843
716502
283223
219936
819389
020126
359571
042131
543011
103933
419775
533385
715669
118943
999735
206326
584804
289615
490910
805934
641270
510778
155410
472520
966894
942324
331678
280182
093649
834131
422503
168215
182229
593158
276188
588931
546742
250040
068465
501964
839521
653791
700423
799331
412989
276362
390071
804597
213420
630934
850881
935323
988570
707319
794013
654889
557455
119698
680188
051115
930066
986239
456685
518310
786968
459928
982131
458487
665335
678680
538399
916164
872536
363494
713823
030565
433036
444345
728456
103814
519522
954233
243822
613360
135657
406974
962593
946615
244766
020995
339257
998729
876019
289413
134614
162063
818175
916353
506092
019819
324767
941168
294312
929147
838115
433379
269776
379343
964108
356332
318375
443470
395821
902880
285675
302525
463122
479683
777944
135455
499247
529476
499878
606288
003830
413054
958556
134517
047879
291061
439170
113918
362953
454974
711172
945486
178022
111807
005835
270304
859765
574807
371749
600152
477464
429976
339051
118548
377099
382034
529335
972572
316152
942759
584305
872499
869988
427481
469925
145410
260094
721821
166635
077929
245936
744131
927112
788924
445989
287509
198871
206527
442364
996027
647268
781913
222942
774797
243477
157618
568521
709752
914687
070021
834050
990378
357660
607085
883154
215091
166993
169396
922440
439481
275895
612906
334331
342907
615742
219554
055478
387052
178006
241398
213676
534303
724219
843197
340981
052402
105864
555617
082209
030842
100197
917139
865223
447830
369303
530830
148874
222794
749308
941331
763068
658847
572567
892903
358316
344235
492229
816883
476806
212486
637774
425178
889449
699764
943529
571474
122459
177060
558274
256615
255116
168895
174211
395337
659039
993146
186219
800779
037089
130641
949448
425840
350637
632016
535422
154342
794568
335423
544807
760156
318113
064074
973353
127556
658495
902648
944437
587053
079940
948710
572571
174296
601770
188264
266818
325507
963785
041385
377567
896946
920803
488355
650387
488723
236404
655242
898372
473196
357798
816276
524901
252665
672291
406748
596938
240987
702914
974968
373234
729622
785639
309113
359200
403741
501631
068202
117166
966507
329744
986366
020134
816493
462455
850093
962806
975488
256897
199505
764359
763999
506153
303208
897755
442385
876459
624848
617458
183255
765069
677715
828066
374350
019094
748298
688344
575554
572196
891515
576034
484166
888370
369453
934473
775885
732081
517867
655582
806220
315833
273891
831867
814223
410995
343776
572522
841499
441625
185926
779445
151536
969599
708514
358084
860501
868995
611527
177717
535355
042392
824020
082261
179436
879899
983725
963071
627481
410392
633344
834574
728543
832151
497164
934789
834622
080980
965293
968309
260819
329924
365289
548958
282887
580358
739899
707939
183730
586230
972307
248805
712062
588430
581005
270812
567080
798622
119483
764897
399252
584675
984903
404335
398959
136578
831807
968199
623292
042641
580657
587163
098948
753617
995546
598448
399988
255040
575835
919033
791674
113651
826097
883050
127334
561522
831147
380984
084182
179053
940944
038347
151605
469174
565810
811134
895283
081911
567176
185064
170547
197227
176594
175984
912445
784443
329834
203207
813168
583256
623002
812528
593975
009921
758229
426387
376785
809723
779710
268981
205433
090419
587911
850288
015226
226475
165503
041247
358503
093207
970922
749880
152020
270539
346783
573315
759811
051802
944307
918759
686980
590440
106008
104449
692813
080601
004444
801695
906645
998948
372359
960623
170109
062825
716216
357075
330545
434096
801695
811515
301401
948176
157849
816848
594515
359840
037314
550557
766109
157004
397004
720927
392325
648022
215860
827486
849267
524767
910956
904713
871866
964187
183435
471077
217213
480423
715124
107214
175637
663200
333668
616747
288472
385127
572689
925022
104940
951941
813451
237118
035285
950296
353944
075214
152899
841739
916531
523088
942360
256042
885461
673243
536762
939399
563294
202287
613634
561512
333842
111739
459199
719233
547159
210519
109363
076739
602337
117514
010561
433695
424246
495052
914912
458890
517856
343549
134107
128188
387051
849897
605877
303291
248095
399914
445948
673798
122216
064494
653712
689750
406199
862739
832958
993375
328702
461337
858867
336768
568281
300791
007990
239416
192771
192967
299493
920783
597240
296508
567892
691388
904339
601303
961797
394719
019761
991009
192797
616938
819284
771113
720169
499447
255098
509201
867651
909835
222263
660573
102372
884260
587862
662497
887065
286756
452309
717431
787155
150242
276538
393663
032373
556832
422991
734462
655956
643474
115073
125395
792739
758251
799720
091146
766558
967294
420942
619159
898057
295129
811745
847213
505333
830106
269098
838945
630072
636766
032211
064987
034064
972560
302623
453978
161670
583728
052961
378427
081611
149289
806796
773067
555985
072175
509345
956840
864119
179142
916290
617478
885902
919025
694659
141248
070623
849454
877237
468259
239901
927373
756995
396132
325961
723169
303590
743325
749223
986324
939040
048202
058879
092944
952668
934292
999012
796006
376571
981781
102887
203834
444112
684257
131838
226985
353877
572729
673881
454816
171515
710715
862953
121844
681657
814639
284547
878436
334457
132551
917399
116237
714580
053017
297270
558176
795369
847259
339739
062224
996083
997634
303400
119810
861518
020746
360733
685271
920096
394154
138724
950386
867820
068381
568384
784144
987981
802465
005978
584776
005506
137927
589029
219017
250350
819364
921621
185433
668473
104960
880262
386221
433739
415484
643087
231708
652515
306927
523298
374806
585621
443428
287518
830588
395670
839931
622163
622911
131459
428524
328732
545060
366775
128002
810901
445844
689877
510231
127928
201329
457484
963905
792748
622746
498231
554517
142415
003387
057242
322051
696518
198121
283395
048794
429219
684161
413469
232377
686706
221524
371476
128532
921517
190343
569205
613975
840022
525950
685723
317828
172187
187241
449029
463376
099700
639104
198316
376835
017304
434316
737465
011225
088968
242961
098504
756774
600597
064420
119977
090821
017209
430190
519074
405710
362622
559998
562024
903505
544992
567745
507966
749803
901725
034990
182632
738775
102798
089140
563191
210613
938958
821660
751692
670497
602034
359813
278686
725247
076328
371984
888692
625201
736746
897671
666059
349959
978236
109643
382189
498960
715610
226424
107835
338635
917441
324434
001239
194699
582174
189855
741907
343763
554402
725052
198651
766600
774485
382091
495981
952061
629686
478084
444183
449266
921453
464693
242867
992378
377778
291892
532003
544130
104583
607146
003696
020605
863939
422026
509696
324085
286888
430810
188276
849172
684634
361042
884248
978616
373386
277299
562146
311236
019229
140491
908062
272631
498154
863254
457145
041890
429303
275131
484035
143934
703228
301360
910239
009381
655292
637199
150907
902872
689314
827749
537885
284238
030672
117063
082253
112561
991768
853941
526852
743313
914859
139663
242911
358145
291978
673848
708540
950208
416251
919820
951203
710588
941566
469586
206548
320772
912071
562546
979580
149130
734381
412960
862420
439266
220475
399897
291697
829981
184354
098053
466973
263807
333339
768926
988328
384511
922203
027500
996160
693769
735827
983879
415970
389901
602633
300252
087494
882620
480123
414214
828694
409840
834348
270363
817107
486373
725741
660023
594686
582046
398424
842810
701660
679425
852830
457073
296693
244741
509907
065764
777046
744823
875572
378525
825790
388004
059296
183865
005556
193692
833917
064981
857372
624457
663378
882501
595394
557400
456935
082825
080810
579660
593403
473925
677594
292701
374711
429452
311179
576657
001493
147529
674513
162865
509159
952286
965585
649111
313449
565918
837211
772868
794524
804652
103197
706019
337955
821845
237246
393587
565229
625304
215854
170699
081209
979283
477952
362199
858824
240549
683338
299237
184910
353759
067826
900988
775974
310588
853313
778645
520946
284885
944409
474977
774965
229753
237111
502288
966539
661377
320442
070954
171756
698249
362423
673035
788755
776420
749693
342663
047894
682918
537355
297152
458417
197300
851795
680235
021291
373744
169966
624547
983905
698029
907258
635929
760628
618656
833132
197864
861831
771744
554642
314537
569178
350325
014181
529058
291086
935285
023526
615694
066964
845278
158799
441711
731032
113661
620003
314789
632586
590900
933699
230623
535398
816227
061519
072453
909609
331170
591847
707184
192709
208758
314764
191354
435070
803444
904478
206721
718959
253390
730842
254729
799733
291771
938700
813180
357609
818304
818432
113406
353369
810787
754202
378769
429322
741607
969689
933846
988038
659548
798752
472048
007852
121473
559812
910638
791315
941349
051357
604354
487086
422895
244745
865171
750941
263089
007485
521430
425534
800337
189060
930792
123020
016323
412064
479969
051653
886024
670147
953544
920069
503492
893755
833450
073671
767765
959179
873442
734581
029779
142551
867037
922780
315818
658677
666973
004777
707457
696997
068097
691908
805687
993461
523813
738979
992018
717259
022659
698873
184664
372607
081258
274917
951006
660365
338736
733113
062604
826522
659888
754646
699420
882505
061597
014355
835320
589437
414552
697968
974182
219703
302569
655387
752586
764200
630874
085242
306597
940507
718751
889249
505611
917764
199467
850834
002227
975072
990839
991329
708611
691444
309811
097032
449639
769623
540644
213621
990497
302618
856985
095229
603041
379213
167696
687634
086340
373213
131387
354662
819768
419427
668570
428241
805509
640129
034878
238588
332704
694123
186467
650491
832398
820495
780545
000034
401911
434788
815303
736822
145058
836066
658838
058759
551664
247242
536604
062837
422808
209268
572291
858624
988124
408434
691318
960998
291757
588459
327397
901923
696284
248510
107860
389767
694189
503125
832182
378177
012930
384087
598080
057086
986274
036461
390840
455229
922136
076022
473008
901831
079913
278769
083913
997148
243367
678943
031941
598905
317698
335334
752610
899720
170147
645071
998215
127217
623594
879252
826143
456435
679118
825355
147264
628781
112489
955464
774850
378029
513170
815849
864292
524687
642558
624690
165230
649898
974008
823617
456430
107158
847896
594960
018446
567031
947414
555447
933301
296107
870922
169218
143386
747958
727999
126218
936501
056971
070825
276823
704888
628526
462709
863576
338591
677690
452103
937667
956897
309488
230048
597689
385132
562601
855052
299890
511641
991421
793094
593361
960100
573398
753747
400747
293540
471770
522331
405287
623293
665757
742998
892928
349750
803327
437960
354032
303991
757209
994061
952172
540251
596496
654902
477302
944140
456856
302765
204694
600192
957325
715457
747447
253006
993357
144147
536990
387574
776068
734617
669581
265764
046709
079574
426377
427301
492178
497620
825487
346598
111262
330516
461298
243770
158653
135404
021689
149521
948438
750288
885422
846110
694192
113963
945162
222408
290497
338216
482376
853600
855886
864874
202589
482051
820430
415840
898153
017241
993155
843929
070943
009414
040153
542276
653905
413163
138326
469048
046316
470330
655671
246141
622468
443968
317840
511287
482691
826088
874676
518240
178372
492155
997848
873809
111330
010021
352198
525729
376898
602472
775609
458191
490201
426830
147777
817284
920275
763627
787838
283877
061875
932380
585271
544106
972479
553619
200547
199275
582601
182318
063838
527531
100435
867081
879976
806880
039801
452100
434944
777920
895934
638335
020571
236430
838124
847512
736745
450517
556752
057947
353687
981859
297134
150125
765919
203211
827355
047830
043188
352150
499815
259436
793702
925241
749208
372399
041471
652905
431364
212339
151790
815603
721685
211175
158693
400799
260121
391976
899631
690432
176310
671709
378317
809301
829363
090886
193001
728945
844034
650061
236152
839137
358734
077221
067636
617449
708814
643504
169805
317583
722539
719526
218428
521474
306486
570648
289045
175381
744429
046037
017956
819860
643809
821103
601084
571361
883608
656722
101035
781089
051811
665254
989615
699325
645757
152778
263684
817532
760859
243888
945288
348179
877572
978033
875032
873827
524278
031947
381363
801758
376920
959416
279357
168089
071715
997768
916957
673777
815311
274929
761226
830265
157648
154170
434161
290932
038453
287165
840430
725022
851558
799197
015893
630209
345628
945125
556548
025637
918669
205574
393616
622857
378117
316879
635707
054556
731321
389353
706424
051311
699890
661617
201094
215119
379809
692102
158772
945274
199027
904140
413858
672907
524874
158279
968449
521939
453578
524682
068281
991893
019370
256964
895543
469309
417484
220377
902763
688790
921428
064173
728850
056885
971368
094431
294743
905110
658863
823835
544113
976803
958306
254820
242456
733077
873991
679172
768809
893706
577184
867097
111860
096272
091095
877814
883484
212624
193858
264818
133514
919732
589826
556235
545155
406364
001344
121273
899792
302594
907173
002735
516886
492122
225266
476823
217099
956374
883950
999164
682289
930439
499815
341841
784541
140505
801019
554998
793776
025576
882916
349251
138372
424733
858071
573452
413930
586995
313415
408489
342398
404883
141562
418500
443619
238462
245421
262881
582508
620508
341917
364829
629648
654481
508181
951932
522852
135033
431796
231680
775114
429183
135215
155663
263586
146745
308932
895506
192417
036276
949906
437098
833408
108209
772063
599025
860706
741635
083472
682329
869749
181718
052046
170396
281835
402052
628540
320870
179840
590647
877720
139087
387674
791559
608835
756588
754144
057541
461068
481183
131404
937191
125542
675459
075008
165197
130327
649708
548263
971772
919375
142383
178908
944562
162850
004033
351756
568928
697941
954395
277418
782445
526646
382004
753084
923054
924910
895818
197063
088106
903817
076355
180887
766706
093401
809485
845072
489059
426074
385458
216424
126083
686448
162551
484428
018790
241710
698173
516474
886695
360205
289327
826674
243303
306077
292175
304236
751438
802647
229143
605013
789640
546975
268607
056104
078749
481037
925697
766591
284371
108769
537154
119316
671727
080649
741166
512238
580722
993190
015090
444280
543897
587252
556600
342541
708343
189876
280853
854068
485330
651682
468524
398512
322811
510633
851358
438272
287385
366829
216624
652111
866153
696624
740071
355079
010612
631956
929045
520779
719770
384179
088162
968329
947858
188965
048924
857376
995384
994183
428573
420911
753442
576223
143442
732590
167648
777483
825381
614150
443318
341199
353269
169219
136274
598155
357392
334018
156232
421585
090490
118326
567444
575141
883437
195374
522181
426411
471724
855793
481937
081558
521711
884106
565183
809778
929517
372814
114447
449214
981610
333633
799065
438351
465721
438086
527782
219651
317470
043352
964748
016211
703511
879612
517437
427298
856245
156142
510113
327198
580475
019529
366926
822372
426396
317133
809956
947059
640583
812020
404667
266224
401297
415433
741734
274066
260605
952965
006854
261425
903484
166166
438827
347955
834545
614093
944121
610742
036898
074098
958951
654949
200823
924974
594707
658743
947328
824981
845758
123852
953188
693764
860682
358646
272040
632056
148981
389669
513076
037157
553847
137475
955785
126511
463484
851064
023972
296238
900077
057806
019451
947491
066043
882087
800188
805272
852034
901108
241093
419059
766482
426179
010574
668519
508706
934734
279132
563555
273352
087840
204609
456565
533664
134078
857720
641265
560744
319585
286339
829404
004061
429594
981213
887065
603746
117214
958314
566230
376743
111973
842250
665950
378918
549340
681014
320792
915615
563997
650767
534264
427378
223040
645768
553037
800595
769942
453606
715942
468979
314374
596322
176992
533337
604909
510544
700328
912199
004474
415418
287922
485050
806454
268554
975360
513833
872716
965756
065418
146688
863492
606398
004241
286077
920772
186407
652839
373200
827855
210004
705520
043273
435771
335206
092259
748856
718526
841052
637135
605051
104207
851531
812366
081005
564434
330624
465332
878209
651979
087991
426793
989116
658863
668362
339731
697908
853885
001257
739841
719313
692891
492078
099270
538865
081860
588803
667110
108078
756383
274228
300250
571184
869281
024979
425213
221552
735745
189754
362346
814097
125962
270540
397164
946420
800891
030755
008254
047445
697126
546151
785265
921152
646961
322933
125494
982208
330109
075439
847221
967511
409123
932144
071521
563392
451551
881277
031398
937029
173232
433556
576997
912706
211804
348276
487034
428211
566686
521570
004341
135742
817187
841803
033329
297982
348150
432973
441262
199029
080397
734206
672303
831765
360348
316446
141788
557345
677469
524134
442637
489481
564048
224002
014113
667020
145568
525558
749267
622448
677859
334080
984982
512866
881867
050734
238578
857116
998439
405743
387518
388291
026743
047795
844689
872797
185447
716281
195183
352818
756052
237335
308001
195747
919712
959137
901862
034145
778799
900135
152695
472861
716934
837674
937314
721527
194093
293511
903024
654841
683813
840326
761173
061870
461341
685050
168944
295854
650745
627980
355654
244538
325617
686332
647753
994592
541297
123590
527927
351455
820832
147944
384148
427113
147168
388086
445100
424977
555104
114764
331283
550838
834624
966359
458984
345933
946663
929292
419657
047508
140951
100842
892838
463160
868797
575024
378824
915958
230228
635946
258999
615622
524960
418917
166418
706389
584011
091034
256186
750707
732781
493220
824519
849707
622935
822153
389737
826253
559906
758526
086433
718529
562952
667952
340065
703330
946862
907292
410395
366394
237507
584192
199570
088036
283883
865990
367438
181815
610677
195290
505891
885824
416623
293126
023424
044408
444419
840665
926414
311266
436200
521620
827213
240109
068268
663619
817554
243216
158559
629447
598876
947436
120906
915906
511175
904531
757824
401788
226314
651818
364029
106453
374523
311422
424750
844098
777374
061808
335745
736730
506725
571300
573429
276892
035220
458375
398261
436015
260159
084477
523767
277381
383852
137308
007804
339164
664994
474654
852343
431472
951240
169262
588147
875725
553858
851676
287202
443617
007618
098937
761039
067874
635842
301986
435958
694405
378084
242103
313144
978937
252423
678994
080560
678926
002916
374113
851631
244889
070500
050549
103226
212306
124387
803244
232398
818160
169553
490641
932803
928976
282056
918235
206262
945597
454418
421594
075745
245471
714728
177099
942931
905701
950558
298781
661031
366979
614792
707829
152551
823763
050634
824514
423483
568354
666466
530676
739870
072606
658827
324788
616352
907859
848262
323614
968233
831924
616509
807906
651849
980992
415201
318193
067608
795590
966231
265031
047896
233539
248744
319980
879155
206406
358106
047338
230542
154376
327480
784585
963686
750711
038345
869061
266069
662744
581492
747871
102451
806451
259292
699524
005162
446622
170469
764729
815731
765893
702363
827675
126339
446437
947230
119124
060365
446051
768630
649466
798898
795670
337704
302353
871763
529762
131583
169605
019874
740535
993097
879108
911292
349772
975303
157092
161817
760302
335984
832287
754518
089813
459955
632103
557143
322680
915781
775148
533858
516646
538115
278331
919640
162590
943206
317589
600513
467015
919872
178538
808524
341745
510293
343387
561212
714355
952196
307321
250175
020818
854621
445295
185066
322542
549487
699091
457517
798335
854482
709804
598477
350595
949337
918074
670031
549824
248553
195283
471973
729864
532309
029596
817513
719820
842760
883770
366936
463909
817736
442165
350276
727650
193144
201851
427311
542022
897001
034050
841223
156375
475438
075922
894237
887614
615173
820619
134156
179490
672059
585123
386192
934475
797745
943080
392266
513320
153596
870355
355503
172290
647020
780753
193302
787866
620191
019651
939444
092250
358103
403940
796671
195220
488239
592839
765536
876335
767761
349698
048184
032582
460123
995962
316263
911044
765795
169915
491336
928687
798467
463845
768216
478999
666325
314742
582231
259711
056865
710003
229890
799390
264769
360334
234567
867263
651356
898467
701699
108423
121598
869147
516906
585517
168250
125144
172620
524281
900696
872048
106736
474759
089378
126182
631697
353587
213652
694562
337752
159116
934163
979284
953463
843334
156272
738122
482454
376405
362466
274463
029227
678635
345141
091443
887773
247091
995983
462428
553125
160134
506121
719639
443130
005316
706262
387450
861755
488972
538435
011037
878426
804018
351018
117769
169094
384534
915244
627718
579058
403260
365208
256261
596750
730729
419214
142478
571022
973090
837123
507431
080999
785650
326728
167623
231102
212940
453528
740467
229720
847776
293792
937449
494557
539844
652332
519829
092459
853723
122101
095650
212869
791922
712995
907642
722071
283136
271461
132667
628756
355483
292714
210115
271406
398424
306066
324317
321609
624899
759042
379672
867371
691735
491222
688909
197174
262054
438048
394694
874705
807628
761863
740896
238470
866132
692544
868592
931427
807797
249780
511917
136952
837890
763881
594140
333374
755935
392223
145725
970388
569185
573351
158167
455935
605016
761994
191326
400846
708661
666605
764734
788980
791671
780742
367598
535962
492634
793233
551016
370242
297351
820277
593762
466492
133442
667963
698867
892812
178061
938360
897136
523772
341035
019563
697193
336200
300943
548055
632228
828566
858761
865568
919052
593339
759797
554797
986076
417637
474624
975363
411382
604747
935138
825501
679092
427071
285334
612635
301362
736295
350294
814806
742808
787820
791402
126872
081887
460872
527484
882614
764740
934049
045535
187810
652042
766784
727100
286035
794351
780118
604024
720648
449857
342351
878876
486312
317762
950798
807832
119210
508424
152003
767979
531196
466617
521987
922700
765110
560605
574170
357077
441830
241951
315408
109938
459627
566140
200896
222286
138870
813454
092224
151988
099321
711553
539456
552359
872836
806023
912326
700228
413995
118383
280174
715437
428486
175664
021756
444592
354139
417159
204824
083117
099845
515665
722865
571208
693657
017928
588015
247791
732197
961826
273882
074854
844783
308749
406301
603140
220662
953648
281966
985765
808790
684234
985508
918850
227586
596183
513977
731408
145623
818322
816722
882602
022488
723030
025436
265654
031899
258515
824807
370615
644506
044809
369954
128308
078461
516513
625743
029422
084580
411883
228044
241306
897276
732963
663860
684644
437486
405805
541578
850068
465534
730859
621532
968983
621337
636835
231212
890649
549490
011459
883787
495734
556050
401510
510535
607409
441144
772988
589078
972388
316204
875212
536868
206371
328434
227079
769424
039892
625879
704324
270327
705980
824082
718766
571060
200273
426512
806516
282084
208060
254421
215816
735839
422001
590954
891731
005152
334277
462459
890409
451706
586561
960228
445047
139245
050906
422219
613815
879148
135968
775240
373725
326101
918909
333789
621138
459760
420273
307296
708968
995223
721460
215513
286699
991449
274454
842950
229583
974822
253332
201293
558197
526279
153006
020038
023308
679623
195776
970277
248743
431294
473148
478300
238965
675354
613154
171092
643714
616710
637127
431303
040926
383820
005586
937166
734761
573735
997985
009377
052747
940758
697963
972703
406835
638203
016145
526017
557608
202292
550387
834240
869807
921190
423083
809423
377768
008806
176887
769315
789661
066724
387637
020003
740121
007954
188109
834956
813534
032904
433021
090936
625600
719892
618571
967890
996743
777895
681862
868772
037403
019774
081192
954082
412922
562122
839659
480095
609315
159132
995995
468977
625710
858991
673940
494902
792251
215519
489743
769575
372261
736925
719272
211219
637508
159973
596624
373162
970449
708944
465046
781372
979144
785988
146992
365663
907300
520431
140684
792482
805432
646936
623061
492835
546127
955969
803858
173780
426935
548583
116285
586331
029854
420804
655097
810863
675498
765770
340310
881363
979709
536983
619310
031118
992626
546072
947476
205007
488159
262431
128241
003948
261457
382131
466662
970842
164855
177804
260558
376913
095141
089931
656344
553398
828682
262301
475148
901066
584611
147582
813230
747032
065147
315764
594736
367299
296382
683047
145184
192574
569022
867197
096403
433264
836760
624166
909469
547544
942061
083192
792299
337916
251105
794885
901472
083448
942473
272226
436988
740500
754949
826155
658355
134362
085258
511077
242646
803243
838847
420984
352941
828806
447412
211678
991796
316733
039319
387759
186103
206993
461421
574874
713331
423480
053610
593910
180348
568546
940411
810673
114867
002377
043002
142562
038177
462069
085525
533936
538311
533598
474759
037796
121910
728543
759304
856207
813482
745576
856359
748522
613544
513943
640699
775450
676903
738645
318231
193693
833267
780259
053288
732983
471966
624592
197749
081590
552841
275161
804403
476211
965848
672053
787144
841960
037794
960164
814541
465576
530068
097069
144263
117580
428000
505058
981113
237741
000401
662781
013611
084502
891465
696530
144462
128724
778277
023373
327371
099351
646517
278202
552153
171756
183457
310389
823406
537444
830673
386739
210469
291296
038980
248344
373100
537665
996546
404034
581992
306201
713130
102466
824642
073313
260168
203133
230046
565330
406164
334278
244797
467996
976678
583765
409465
311822
694599
813832
812653
101284
975086
086776
039137
344696
747581
251721
851757
055904
361952
304444
669915
852117
298857
883202
363318
690620
124514
452385
587922
623797
111430
703965
825594
687412
586591
547033
890113
314439
498590
689893
785434
456228
332308
784003
690415
429131
648323
748569
703714
729674
002163
561784
494194
213371
716845
510828
477359
434793
263586
743104
023039
113687
431244
455224
170373
209118
322878
359895
748291
473284
507353
216551
429372
407697
977615
552679
072784
167087
259669
946008
652140
480648
383702
116172
589931
555859
667968
194040
482984
136567
121486
732136
210840
001786
645772
967944
809012
393496
058049
930213
812371
829934
606937
469105
056652
820119
479093
172347
831856
268370
719479
520725
493663
309735
931279
486011
979266
680631
422336
911354
529755
977380
486746
461544
128335
223086
955250
181483
468154
706255
267429
889960
219149
807240
212820
696957
478987
763193
188568
955899
409308
796342
963980
757659
627011
028515
272646
580964
439810
752414
472288
945304
376101
584155
885725
151899
154367
061177
618378
709189
164639
652284
919201
471478
137520
940452
369173
074742
891431
206743
441446
848411
157362
980584
821081
017029
741436
220953
443312
230188
109821
081945
726785
128802
672793
424309
156769
534564
333364
718478
330198
156158
313395
147173
053277
546623
711529
900044
201170
497621
331894
151372
061250
254407
415230
720524
845936
187473
630073
936607
698075
725983
137734
953210
388414
621204
929748
236975
428693
274980
222552
172290
443297
862405
646117
298072
797599
407848
998133
476193
294033
873468
165527
874027
572939
631872
092829
974107
867016
092403
252635
049353
753163
834133
789910
103873
310386
558046
748283
285223
119681
595175
345472
783248
260138
231288
769912
105637
590767
910490
564732
222871
853751
808880
496065
542882
835843
372723
084375
705667
530642
459751
701464
564073
844262
892316
125847
766800
392494
259981
172977
106048
628615
603393
937407
829493
953382
310236
244768
855286
233348
159730
627312
641574
848163
799934
404264
267225
096559
809839
650129
459885
472279
418675
320599
690134
098837
364464
755570
432010
164516
289940
541671
664213
999074
793079
049781
858087
471830
951683
157024
068455
723664
902445
534152
605197
231125
493262
805526
720393
930796
129510
650466
350086
806363
993874
970742
384806
883433
334317
604517
274683
279462
574444
358894
414606
906678
519458
552895
658777
198840
869509
218089
901414
129511
498403
531787
751975
838401
098388
570297
211188
155042
926407
806634
177479
448084
468171
855775
022925
334968
346890
431737
456532
631306
966883
845199
318316
350930
354833
377994
677449
776832
757929
263397
341124
726932
112874
465039
385899
276975
915291
836465
929858
533122
899346
088764
225346
254843
411984
032003
555268
342898
150926
546477
054295
817931
975609
214775
119652
041867
825312
047060
781879
729178
692316
982421
820770
503098
302828
711928
607631
489963
128761
617336
238916
403465
490244
799244
763000
473814
458403
507206
759135
913379
946569
769486
230567
049245
505387
692824
965216
147548
825826
922678
558999
875989
523364
500322
038743
466833
105381
461338
996781
795127
638628
276102
688399
117294
033185
638165
398755
537456
061210
657539
694292
114698
906402
888596
126339
309354
874200
007229
855476
826454
127505
888781
169253
596696
050407
134370
616489
821392
178702
435979
041179
043042
865158
119040
114956
917272
777900
097664
635091
757723
941649
600400
401495
317331
719093
142285
613576
239005
878530
106213
997174
759687
514075
658585
496619
044633
867027
099083
047217
103803
983898
119955
511899
780967
501222
801307
135290
258998
549897
707716
363874
485956
878468
235978
768796
361928
727987
094675
297750
734147
172265
727022
878449
235137
505783
396845
960309
119634
022384
810127
404106
426750
959029
228026
752572
980650
635137
103039
796567
640418
215774
743362
807813
991155
771639
208697
548124
500696
722492
961151
785492
803787
404507
754083
779967
205434
467710
244542
700291
175819
619715
693379
783486
834476
342377
016669
014506
994078
729262
936088
458911
515080
734241
449669
711645
633036
342348
597085
093502
582359
889927
726072
015039
236960
568227
572960
372339
291046
654332
483890
350755
213476
272533
806251
365139
380240
328492
266316
781583
335083
377251
246907
921736
918569
338590
738176
409818
639948
461759
710665
739500
233265
604717
078205
402223
583780
567597
848837
909607
443807
277306
418695
812018
561666
666294
882072
954553
728304
518142
684161
815801
164286
942848
220436
176431
224612
326569
521169
925438
050903
605921
260133
453817
390818
563206
586033
984013
155118
317453
018608
733177
182174
848521
185327
595497
954466
112186
999895
064457
307663
084944
549828
253778
820858
083793
958403
972763
474735
418356
914482
604167
479348
791753
631915
120890
784160
200823
324984
739683
006028
060424
358068
173534
187057
959589
786148
323100
534556
649439
966184
167132
304574
467281
480242
440853
377759
591953
772756
277456
597202
595359
328289
842676
267223
923110
602987
316917
232133
101456
905557
476267
261752
004948
768098
697145
351778
191965
983665
107321
470388
524281
649848
626294
027115
784747
572260
037623
126285
999790
682772
859333
394783
722506
137841
728869
719541
909720
689414
749046
094686
667104
179982
867729
690663
596817
613101
286738
157678
611439
574886
391170
252935
120800
090871
964666
668753
797335
222584
091034
415221
995962
810332
401801
802740
956816
440390
868853
683540
693410
634846
843528
408898
460611
906816
117591
844281
987776
744272
623494
449669
339270
203385
326233
026736
660755
448932
527001
622723
824329
968013
966727
219807
002582
922038
487358
397727
664794
765212
962554
960282
804618
494412
379509
646872
241876
341376
293987
313888
779371
703442
734914
963639
871955
995555
358955
461166
604447
400642
985270
900523
676497
295150
149860
520624
419300
577343
909215
803313
461889
067847
924958
357852
852284
480667
420190
844020
644711
340159
268345
682834
450657
322431
516913
368635
981334
890777
601577
341894
991974
699285
996860
335323
364146
428706
472325
280229
027149
263579
599517
896895
036276
214697
616029
485152
716392
340451
501960
755752
974091
405798
659317
107449
696998
319746
313060
514763
311238
996120
222265
067319
733786
076315
172130
554367
672642
953674
399303
172309
558072
236662
568288
767944
789217
545002
818186
235013
035536
022773
045122
686504
753754
654678
858582
348627
595872
363722
399894
918594
530228
635251
973075
345298
935234
713435
996435
133837
739892
376578
046201
110394
482049
589787
088010
950127
887590
326771
767249
618772
924228
856514
072450
094640
214280
777999
814457
567700
361674
271464
348709
365379
198537
305065
570303
658936
137748
595960
322715
302665
664871
678551
380075
940477
408626
989738
665484
107368
587964
894797
830366
450567
937908
945622
421576
221551
312631
098162
157837
987800
898324
379678
196847
345675
947353
327673
252533
739183
781295
205276
778941
809255
156257
614210
606060
500889
675055
549118
216185
372336
344227
050698
510460
543816
845008
115431
105863
957454
712299
084525
922992
840098
576843
934814
481426
843323
062425
841416
161810
152616
334268
697319
476130
513197
824563
819457
618011
408978
080815
155883
872862
324259
533528
921627
943950
862131
446124
479527
660952
782451
727353
166204
942670
457264
568512
717406
116997
717661
460438
244317
372917
169718
190279
188283
340268
401396
068426
100708
947343
792952
645761
909339
060946
061499
312152
229724
019183
855045
003533
136435
546062
271591
678772
812638
943738
804862
157131
459300
819838
193219
045034
994860
665886
437137
393951
672395
115661
779021
055812
430072
109752
913715
955730
532594
921590
968763
635801
978742
157678
593584
139176
188954
989719
105625
372748
595727
286164
469987
587214
895307
791067
042598
702588
691341
648855
654066
445367
538216
957125
625368
802105
944324
519801
265132
220374
781351
078086
421224
005611
206827
904021
940372
772187
293861
904564
978836
013963
679474
594701
867452
456388
149572
384173
129392
191023
047400
055442
502508
261102
487466
890641
933017
008728
828160
219213
046341
218251
694857
136223
840972
153700
716909
296482
721736
987826
971114
757048
057338
413526
707372
239351
367624
302307
367882
362074
361005
536302
714160
586842
734279
356233
331300
685003
281158
458861
686790
267747
199595
730785
226656
454417
362675
731095
136453
613092
620099
971313
054611
373085
145779
803765
530315
575172
084958
569103
249130
572088
017355
830317
865287
413445
860132
202757
991763
825394
010329
804427
140032
700982
178914
920283
528881
968586
675495
528163
783054
491045
679130
811149
721029
092632
666509
729235
652775
050176
455288
991741
467649
826891
238044
224517
491384
534331
455063
790484
925651
395943
844360
867375
335734
980564
558449
994206
222332
383360
933556
809022
350453
563187
128666
861027
724714
653111
605316
068882
848679
944771
724420
646977
057602
892996
666352
340191
543999
941307
868671
132062
465664
645040
772442
035269
514323
332259
369058
446374
853524
536753
733590
099531
672109
846726
352313
522616
964695
769881
968857
655593
617068
201427
457251
828121
752420
386699
978023
263936
710879
622734
403808
949482
813593
971243
046095
970365
573867
953747
909076
759984
038401
250043
975182
330520
553534
630346
573114
616781
482073
303329
555786
125654
724682
930184
132547
256561
568464
105295
067929
354942
134994
870643
293882
474399
329526
052945
410046
015785
636995
430408
242329
202959
575139
267555
592883
589787
438424
463008
912165
065194
840130
712322
303915
068827
294693
779359
109145
504623
780859
625352
659730
309564
215019
507684
166674
942581
667944
052301
099490
536921
452748
306112
835410
006708
645533
606683
438923
149104
746701
976074
593842
418801
304749
917270
218726
968451
589168
210620
216164
204433
491853
309493
226812
798452
258635
928175
257171
371649
781658
645023
364347
127996
911333
618679
664513
834505
200061
031729
094416
048893
249544
807754
613006
142445
944122
352575
659381
066139
889109
597874
221107
563012
104816
153696
919395
823916
550828
139532
231460
661689
082851
860804
099109
801748
718932
451270
102127
513056
541723
137824
614845
142480
169592
227783
988450
877643
877468
234784
043581
122093
257765
278405
848572
770679
230944
231411
218541
735073
878226
058644
337865
252182
722118
877471
765201
483386
676148
222378
060660
576403
738020
809066
064129
510788
850374
800834
345157
656771
442552
539616
530693
520265
497984
197510
598710
684124
123199
597280
593612
001766
650611
005409
015292
854512
387538
360707
615069
301489
626920
826132
745913
017643
224566
598440
691496
351446
032484
630470
203413
576742
242613
071380
591264
275955
417259
970028
735541
555173
010014
196318
348433
766156
750357
315547
171779
616237
502677
587985
040874
662531
388517
933853
231323
865059
211432
747907
534391
014739
969586
870325
383560
436048
965567
188525
805742
097438
268439
487072
158217
693837
399902
104063
825423
625512
450795
820378
961057
004538
776471
930982
172004
135539
456926
251318
172962
771469
854184
014131
832262
421378
407802
526748
202734
738645
743460
603171
654669
068375
568585
635360
892888
406495
286243
215073
421650
843920
730543
694942
279343
140601
083762
065566
877467
119024
532898
439856
802615
303615
411729
776034
141206
377179
306866
473622
734134
873628
343890
835797
372515
664413
416112
983988
126310
061986
365022
108931
899184
398153
847238
567168
268682
478845
303573
411697
591890
660705
846892
611881
065497
381745
539388
077815
972419
220704
924820
749336
619331
207549
580751
538902
213238
434345
544273
921462
488342
994124
494104
819966
958919
117200
646821
286933
392798
892642
538252
027464
631337
406298
932783
119220
035705
714094
974176
621309
969620
717250
426076
509691
263342
655005
558954
333310
295617
500766
350425
739588
373111
908457
462941
494978
703405
419257
254976
894061
531085
814175
519161
260113
115389
262411
016050
260101
824663
216363
799218
674970
940063
115137
898796
438145
666848
629563
663067
174464
472013
946630
959488
070549
296511
458990
104763
031080
975839
467297
135696
461897
415631
929745
613569
627597
775507
348700
939234
072274
892491
523111
823901
238726
212836
053068
416299
611513
846628
645677
839771
532824
537357
119771
782856
900024
326881
018390
954244
241265
229688
222790
020053
279945
629653
663605
257981
772823
802244
728811
891489
059317
186336
988644
536360
191497
304359
865162
448768
387134
353416
103878
479838
702859
848525
843208
466959
263798
648121
386195
000948
889352
189649
565626
190360
530895
615016
112908
936525
648137
918926
262334
058695
147674
416349
212686
493550
812427
992294
114809
974333
302231
226084
535066
935935
332583
249479
722637
607637
197856
695049
072670
487180
648248
632107
666567
674950
293723
245006
481283
763406
644539
997364
195453
456971
500278
492926
589826
634148
070795
249430
928433
917613
684067
633827
377312
204112
134619
024783
164184
118977
317146
639100
496261
200923
888423
900384
973850
375378
362880
320451
798635
969435
318663
685014
595919
430999
625128
970151
602153
689710
120446
190285
525856
031909
929700
579744
883295
742838
297552
008474
013116
183828
782401
586146
753141
104642
707283
484541
478658
220674
882593
325849
792212
896809
520835
347665
459527
430162
741872
920838
272015
915849
773894
324511
487933
576282
957733
199227
807290
434621
262476
246209
414770
493660
547293
282642
761989
768299
292714
206848
927494
793318
749060
795226
246399
526256
131358
303914
028460
942664
681231
276558
211815
153294
513571
995936
369197
151650
694719
078726
110811
313748
658009
414402
015411
245480
026899
452662
702392
023795
465156
873564
864262
961003
898553
317066
964614
238747
038849
128328
537425
667864
326458
531455
357808
756598
352629
028426
073225
952502
945034
035245
716963
950441
658645
374922
946374
694137
229327
234032
791177
390373
872565
678090
392097
243360
208345
751789
564469
466098
998056
945033
140159
299921
144694
058901
895281
853804
948798
736641
397778
940230
191745
741310
633218
468218
339906
348699
246265
978230
425846
777633
915099
265592
204046
915053
936520
159710
181693
396672
948339
484382
718374
565114
797730
429115
318283
118958
358678
771487
593243
566813
407615
174789
134198
123613
895932
624648
985992
216235
181392
681535
292846
848518
141594
717991
174717
084493
495478
282794
354029
045747
948609
755788
117576
290396
129269
928101
058603
466164
219144
633378
612126
185888
631370
125208
003087
735398
982652
675972
368371
042527
279406
444280
325447
701690
630024
112309
011835
426076
854202
120593
284877
832832
022778
016207
605358
003685
314447
010469
869012
815030
347316
292768
890704
124532
069393
512951
548394
702340
799409
640712
219009
765242
375207
694764
102643
437473
885578
829613
072518
593604
942941
129083
154376
224906
002934
951548
152161
726170
348477
514928
260659
587502
954452
194409
488733
245544
432448
158661
161875
033792
057868
133137
160609
518009
607464
657030
281737
893467
825343
420507
978252
918922
960911
031328
277040
911655
975625
483618
517102
607207
410891
367815
376090
872395
414077
855039
443627
276939
957746
631488
300694
561804
090312
881829
487570
857783
041036
325616
601170
375575
150397
541684
369200
558787
150168
545622
976469
943605
335229
504228
667185
952351
836312
999334
329555
485357
810865
243876
837289
115474
966642
588980
289145
565522
580387
086485
654819
086516
966042
044523
591135
979049
389215
769562
553360
667497
622853
336115
387808
336771
753317
824940
694426
411944
533357
490495
458974
383799
397518
769395
942443
926028
169526
700484
721832
050217
383249
624641
913023
807002
449342
759242
966576
446056
756740
649350
817441
169437
874172
661424
443729
898997
064468
372132
256783
917299
139662
970912
114352
206944
042033
538752
788076
287100
280750
841399
852700
551331
564581
822994
406950
378741
364853
810621
552944
951563
719650
998235
125466
213634
350941
190653
426719
191673
011428
393371
635964
576950
597412
870390
500288
689072
212645
370094
548783
476311
797662
454758
716386
166702
906621
247217
554818
459936
149349
505516
924283
432240
579429
000583
212082
849710
069990
456550
005108
215355
337623
711611
481339
208007
207958
940958
073777
281768
330520
218091
176772
723685
932988
072050
905621
184251
892149
992114
078373
424767
354521
323330
501780
948614
195926
752447
321008
920900
546086
350033
096402
886577
332305
375373
456798
516031
554882
556109
719182
144803
445085
104469
316308
981728
180901
222278
101049
979134
860226
612416
655814
432559
854720
494339
613682
264724
349396
197333
071955
582020
389023
023303
954330
173352
874538
304221
318033
798330
353054
561504
972988
705498
257511
809987
693774
207553
116011
956265
486284
207973
059402
385045
165480
507247
304361
145554
122326
652403
549630
019723
610356
525167
874422
973114
502546
580617
075735
975811
689943
742768
518545
588331
549696
741570
813248
425042
349077
853128
698250
940139
296396
599822
609920
699161
089225
713695
282207
937793
292099
057658
405917
282367
089165
200136
193693
297541
029507
081206
162007
220378
534698
523997
476104
663772
611079
629472
946936
098177
774529
126606
913807
277670
386682
272463
381120
432305
169186
209291
292814
465420
418649
228644
819345
803054
318987
321241
442481
655649
630819
727074
074941
581470
433576
386326
098194
553112
088461
655866
067197
577163
472540
714534
884608
155496
880081
446694
863259
334870
440087
564997
204844
187126
264849
820637
475607
124285
439970
237312
902105
312208
363572
899101
047280
868265
278058
679120
788846
354334
637021
445522
935455
584606
784807
360854
618884
106856
041294
473122
353022
425397
639603
040826
836062
892407
860805
437135
334413
336166
584954
672072
978003
689155
538467
134141
077229
716898
113104
394122
295779
654890
498148
608493
870767
542666
132708
778189
711482
137194
990658
309486
698834
419266
972750
771365
719198
615109
632231
244776
344403
615655
957044
633177
974198
159253
513858
426635
219707
148911
294917
968591
035124
426723
429087
679001
658497
821266
362956
399266
929972
866699
903638
941493
848999
272073
862135
010315
887938
001654
754633
871237
873568
331274
789841
011950
534043
722438
222493
108434
881242
566299
067331
857378
012038
469937
174022
330401
012110
006581
258399
418052
350860
128999
442546
254342
394220
572667
241937
275400
272219
356401
870229
395571
527074
655643
063441
176016
013327
982926
551198
176649
423150
309669
644742
388489
113770
644458
591622
334635
193664
552547
186859
025186
826607
270005
974902
452387
140323
055035
755955
416258
174774
574860
325067
475677
837975
798763
033809
667805
491011
502603
687395
710602
591585
772389
964645
333311
830955
749387
325439
284914
654657
769681
892141
367611
367431
181026
653325
917194
313277
183965
599902
750724
731782
040091
227787
943642
603650
082298
236027
028514
257955
537107
558166
190491
728855
884820
364278
149687
582507
827724
575899
762519
708739
252056
597505
166928
645657
186238
620478
658056
335548
451495
486273
266262
234467
822334
769155
490536
828165
718417
836796
222793
773151
705113
279930
910373
328252
608268
065836
326025
512773
519851
567736
077446
286273
270396
001857
421965
012976
872934
987662
420883
158733
879454
422709
811897
621113
008134
805899
884979
101294
431250
682539
413052
353267
852021
620080
001488
396702
969041
543913
862756
151943
658741
740456
696605
077111
640341
851896
753187
088633
887597
421561
993629
776360
058090
438215
145898
483992
948536
459557
171628
285140
859022
974428
020757
059226
049615
222523
287734
755478
029616
044656
188829
962308
946100
100551
457428
903638
592729
917723
730545
568527
529975
927482
205077
704573
009526
708607
885343
767936
267163
013030
250682
892229
971915
838454
394136
572878
079533
997845
734750
862645
214970
914644
233989
559808
471316
233795
567649
712062
065655
549417
134278
221522
974974
694470
937292
090412
321423
924757
374334
941399
787775
297429
295360
276268
469169
177251
694060
839364
019359
849416
385983
321975
598489
815198
881010
284460
479596
373777
496879
319488
656672
629461
029254
682471
106827
553459
770887
985757
371701
971860
158055
066988
023703
659418
159204
520616
424203
200715
113561
523427
595300
547001
230919
492901
423348
167699
001799
001092
089919
075744
756838
381079
621673
294010
820911
244444
231450
244220
491579
266383
336335
640525
861566
738367
784798
823330
903532
112711
062650
420642
588365
583701
683482
882981
374215
254945
830116
819449
373459
227395
357903
747276
895057
579456
197948
402137
304703
969636
183965
713469
927776
011507
790212
549858
908668
461103
189861
517927
897806
112868
277052
918218
584680
622565
718121
126814
871896
215297
064597
597966
273190
409717
721077
905825
714777
361945
445751
909384
516504
394471
371367
967247
736908
731753
722032
319261
794953
577437
272337
335205
335684
628796
718151
281373
174916
284126
016190
447436
674279
306586
707010
637243
084221
637405
231940
840222
360009
733936
740307
620900
323577
201192
918261
299143
163739
123521
972673
369160
102091
662514
165213
860653
527167
221490
031249
028357
265730
209510
348695
856626
836188
863155
209727
042612
381456
693727
893502
070174
526192
984382
638604
329152
488584
325414
931982
296455
207992
521370
260756
070915
254808
964827
623859
399160
024353
848494
975563
497005
896122
178748
063539
818819
215421
200044
374490
950792
463980
552015
034093
637610
115659
791477
658795
756050
263920
173281
693635
143872
030298
819914
164570
183075
226549
542949
982989
419613
229611
903709
896608
736255
296026
528318
283295
686694
100966
091304
208915
430607
455477
798303
302284
997915
288099
760858
224789
722285
831473
083004
540127
514467
502948
947631
405760
132620
446339
517337
780376
158533
654325
342782
958351
859128
827993
378782
550024
132461
661215
916693
510301
762024
454745
648584
028480
975508
439210
646270
437902
163245
854770
910977
